chr	chr1	chr2	chr3	chr4	chr5	chr6	chr7	chr8	chr9	chr10	chr11	chr12	chr13	chr14	chr15	chr16	chr17	chr18	chr19	chr20	chr21	chr22	chrX	chrY
S247P347	0.617	0.613	0.616	0.606	0.604	0.535	0.607	0.611	0.615	0.606	0.624	0.608	0.611	0.610	0.610	0.630	0.621	0.602	0.627	0.621	0.611	0.625	0.380	0.373
S68X45R9	0.641	0.634	0.633	0.612	0.624	0.555	0.632	0.626	0.636	0.632	0.646	0.626	0.611	0.639	0.637	0.664	0.654	0.626	0.659	0.651	0.647	0.657	0.395	0.369
S31E37I2	0.632	0.618	0.625	0.615	0.626	0.550	0.631	0.620	0.625	0.624	0.639	0.623	0.607	0.632	0.630	0.645	0.645	0.611	0.655	0.644	0.638	0.653	0.630	0.006
S2441B4H	0.622	0.617	0.629	0.619	0.621	0.546	0.625	0.626	0.618	0.617	0.630	0.616	0.618	0.626	0.627	0.629	0.629	0.612	0.627	0.628	0.619	0.629	0.379	0.366
S2X2YM84	0.641	0.632	0.626	0.623	0.638	0.554	0.637	0.631	0.639	0.631	0.649	0.631	0.620	0.624	0.640	0.662	0.658	0.628	0.668	0.650	0.646	0.666	0.398	0.358
S44UHO8I	0.629	0.619	0.627	0.617	0.618	0.547	0.635	0.626	0.631	0.624	0.639	0.629	0.608	0.628	0.631	0.665	0.654	0.612	0.662	0.639	0.651	0.652	0.386	0.362
S4C832ZV	0.642	0.633	0.630	0.625	0.627	0.552	0.633	0.636	0.635	0.623	0.640	0.634	0.626	0.638	0.637	0.664	0.655	0.627	0.665	0.651	0.653	0.655	0.395	0.378
S31Q39P8	0.633	0.618	0.626	0.607	0.618	0.543	0.631	0.623	0.634	0.617	0.641	0.625	0.606	0.628	0.628	0.656	0.650	0.607	0.670	0.651	0.656	0.656	0.392	0.361
S4D9T917	0.637	0.628	0.626	0.619	0.628	0.551	0.640	0.631	0.641	0.629	0.643	0.634	0.623	0.637	0.633	0.661	0.650	0.632	0.661	0.653	0.632	0.656	0.632	0.004
S56NRSOS	0.633	0.618	0.618	0.606	0.621	0.539	0.626	0.615	0.627	0.614	0.642	0.620	0.615	0.627	0.633	0.654	0.641	0.598	0.650	0.637	0.640	0.645	0.620	0.006
S66CRL97	0.631	0.620	0.626	0.621	0.624	0.546	0.634	0.622	0.630	0.627	0.635	0.625	0.623	0.627	0.627	0.651	0.641	0.620	0.650	0.637	0.618	0.643	0.389	0.358
S2XMV42S	0.646	0.632	0.635	0.615	0.631	0.562	0.646	0.635	0.649	0.624	0.655	0.634	0.616	0.634	0.626	0.664	0.652	0.617	0.680	0.656	0.643	0.670	0.400	0.357
S44958WX	0.649	0.625	0.634	0.605	0.625	0.551	0.637	0.630	0.645	0.630	0.658	0.636	0.618	0.637	0.640	0.672	0.666	0.615	0.693	0.668	0.654	0.680	0.402	0.369
S1M3982B	0.623	0.618	0.612	0.608	0.611	0.543	0.619	0.619	0.611	0.614	0.619	0.611	0.610	0.626	0.626	0.631	0.624	0.608	0.627	0.628	0.636	0.625	0.616	0.006
S5U61CS8	0.633	0.625	0.622	0.623	0.633	0.555	0.627	0.629	0.630	0.619	0.645	0.624	0.620	0.629	0.637	0.655	0.645	0.630	0.656	0.638	0.643	0.644	0.401	0.389
S526QKRQ	0.646	0.634	0.639	0.625	0.642	0.555	0.648	0.627	0.643	0.638	0.653	0.643	0.626	0.646	0.642	0.673	0.663	0.631	0.676	0.660	0.655	0.669	0.408	0.371
S564M43P	0.641	0.629	0.631	0.622	0.625	0.554	0.640	0.636	0.643	0.624	0.655	0.635	0.622	0.630	0.646	0.667	0.661	0.630	0.674	0.661	0.648	0.670	0.635	0.006
S5FMHE58	0.626	0.621	0.628	0.609	0.623	0.548	0.620	0.620	0.624	0.622	0.639	0.623	0.608	0.618	0.627	0.643	0.643	0.606	0.651	0.645	0.629	0.642	0.622	0.005
S676NAX5	0.630	0.618	0.617	0.608	0.614	0.551	0.628	0.623	0.621	0.624	0.634	0.623	0.614	0.620	0.624	0.644	0.638	0.622	0.642	0.631	0.631	0.634	0.619	0.007
S5N62L54	0.637	0.626	0.627	0.618	0.629	0.545	0.634	0.633	0.636	0.625	0.643	0.625	0.616	0.643	0.639	0.654	0.657	0.615	0.661	0.654	0.636	0.659	0.394	0.350
